0.000000000000000000e+00
5.000000000000000000e+00
6.000000000000000000e+00
1.100000000000000000e+01
1.200000000000000000e+01
1.700000000000000000e+01
1.800000000000000000e+01
2.300000000000000000e+01
2.400000000000000000e+01
2.900000000000000000e+01
3.000000000000000000e+01
3.500000000000000000e+01
3.600000000000000000e+01
4.100000000000000000e+01
4.200000000000000000e+01
4.700000000000000000e+01
4.800000000000000000e+01
5.300000000000000000e+01
5.400000000000000000e+01
5.900000000000000000e+01
6.000000000000000000e+01
6.500000000000000000e+01
6.600000000000000000e+01
7.100000000000000000e+01
7.200000000000000000e+01
7.700000000000000000e+01
7.800000000000000000e+01
8.300000000000000000e+01
8.400000000000000000e+01
8.900000000000000000e+01
9.000000000000000000e+01
9.500000000000000000e+01
9.600000000000000000e+01
1.010000000000000000e+02
1.020000000000000000e+02
1.070000000000000000e+02
1.080000000000000000e+02
1.130000000000000000e+02
1.140000000000000000e+02
1.190000000000000000e+02
1.200000000000000000e+02
1.250000000000000000e+02
1.260000000000000000e+02
1.310000000000000000e+02
1.320000000000000000e+02
1.370000000000000000e+02
1.380000000000000000e+02
1.430000000000000000e+02
1.440000000000000000e+02
1.490000000000000000e+02
1.500000000000000000e+02
1.550000000000000000e+02
1.560000000000000000e+02
1.610000000000000000e+02
1.620000000000000000e+02
1.670000000000000000e+02
1.680000000000000000e+02
1.730000000000000000e+02
1.740000000000000000e+02
1.790000000000000000e+02
1.800000000000000000e+02
1.850000000000000000e+02
1.860000000000000000e+02
1.910000000000000000e+02
1.920000000000000000e+02
1.970000000000000000e+02
1.980000000000000000e+02
2.030000000000000000e+02
2.040000000000000000e+02
2.090000000000000000e+02
2.100000000000000000e+02
2.150000000000000000e+02
